50 50
10 6
17 5
28 
31
35
7 17 9
8 3 17 5
11 2 2 3 9 3
13 2 3 4 3 1
2 12 5 6 5
3 22 5 11
2 7 1 5 4 8
10 4 4 3 4 5 1
8 4 7 1 5 2
2 4 2 4 12 5 4
1 2 1 3 22 8
3 4 18 5 6
2 2 2 16 5 5
2 2 1 1 2 17 6 4
2 1 4 17 5 3
3 1 18 5 2
5 4 15 4 2
16 15 5 1
2 6 2 14 4 1
2 2 2 13 5 1
2 1 3 12 5 1
4 5 11 5 1
3 6 10 6 1
1 3 3 10 7 1
2 3 8 6 1
2 3 8 7 2
2 4 7 6 2
2 2 2 6 6 3
2 2 2 4 6 4
2 5 10 6
3 2 3 2 8 8
9 3 2 6 12 
12 2 4 8 5 
11 2 3 4 2 4
4 4 2 2 3 1 3
4 2 2 5 2 2 
5 1 2 5 1 2
5 4 5 2 1 
2 5 1 1 
5 5 1 1 1
11 2 2
10 2 2
5 4 1
2 4 1
6
3 
6 
4 3
1 10
2 4 5
1 4 5
1 5 1 2 2
2 4 2 2 2
6 3 2
6 1 2 6
6 2 1 2 3
6 2
6 1 1 2 2 6
6 3 1 1 2 9
7 5 2 1 10
7 5 2 2 8 3
8 3 2 2 3 2 5
9 2 2 4 1 6
5 3 2 3 5 4 1
5 12 2 3 8 3 1 
5 2 1 9 17 1 3 1
9 1 10 11 2 1 2 2
7 1 1 11 3 4 2 3 2
6 2 11 12 2 6
7 2 12 10 2 6
7 3 13 4 1 3 4 1
13 13 8 4 2
13 15 5 4 2
7 2 19 5 2
7 2 19 8
8 2 25 2 
13 23 2
6 30 1
6 29 2
6 1 21 3 1
1 5 2 3 14 2 1
1 6 3 3 7 3 2
1 6 3 4 3 1
5 2 3 5 5 2
5 2 3 6 7 2
5 2 3 7 7 2
5 1 3 17 2 
5 1 3 1 15 3
4 1 3 1 12 4
4 4 2 9 3 3 
4 3 3 5 4 3
4 2 5 6 5
4 6 8 4
4 9 12 
4 33
